03. 다음 자료에 대해 버블정렬을 이용하여 오름차순으로 정렬할경우
	"pass1"의 실행결과는?
	
	4,7,3,1,5,8,2,6
	
	(1) 3 1 4 5 2 6 7 8
	(2) 1 3 4 2 5 6 7 8
	(3) 4 3 1 5 7 2 6 8
	(4) 1 3 2 4 5 6 7 8
	
	
	
	//해설
	0회전 -47315826
	
	-> 47 315826
	-> 4 37 15826
	-> 43 17 5826
	-> 431 57 826
	-> 4315 78 26
	-> 43157 28 6
	-> 431572 68 
	-> PASS1. 4 3 1 5 7 2 6 8
	
	
	//정답(3) 43157268 인데 
	PASS3 까지 돌려보자 
	
	1회전- 43157268
	
	-> 34 157268
	-> 3 14 57268
	-> 31 45 7268
	-> 314 57 268
	-> 3145 27 68
	-> 31452 67 8
	-> 314526 78
	-> PASS2. 3 1 4 5 2 6 7 8
	
	2회전- 31452678
	
	-> 13 452678
	-> 1 34 52678
	-> 13 45 2678
	-> 134 25 678
	-> 1342 5678
	-> PASS3. 1 3 4 2 5 6 7 8
	
	3회전- 13425678
	
	-> 13 425678
	-> 1 34 25678
	-> 13 24 5678
	-> PASS4. 1 3 2 4 5 6 7 8
	
	4회전- 13245678
	
	-> 13 245678
	-> 1 23 45678
	-> PASS5. 1 2 3 4 5 6 7 8  드디어 정렬 완료~
	
	5회전- 12345678


------------------------------------------------------------
04.다음 자료에 대하여 버블 기법을 이용하여 오름차순으로 정렬하고자 한다.
	2회전 후의 결과는?
	
	37,14,17,40,35
	
	(1) 14 17 37 35 40
	(2) 14 37 17 40 35
	(3) 14 17 35 37 40
	(4) 14 17 37 40 35
	
	
	
	//해설
	
	37 14 17 40 35
	
	0회전- 37 14 17 40 35
	
	-> ,14 37, 17 40 35
	-> 14, 17 37, 40 35
	-> 14 17, 37 40, 35
	-> 14 17 37, 35 40,
	-> PASS1. 14 17 37 35 40
	
	1회전- 14 17 37 35 40
	
	-> ,14 17, 37 35 40
	-> 14, 17 37, 35 40
	-> 14 17, 35 37, 40
	-> 14 17 35, 37 40,
	-> PASS2. 14 17 35 37 40
	
	
	//정답(3)
	