07.다음수를 버블정렬할 경우 pass2의 결과는?

	10 3 7 6 9 8 5
	
	(1) 3 7 6 9 8 5 10
	(2) 3 5 7 6 9 8 10
	(3) 3 6 7 8 5 9 10
	(4) 3 6 7 5 8 9 10
	
	
	
	//해설
	
	0회전- 10 3 7 6 9 8 5
	
	-> ,3 10, 7 6 9 8 5
	-> 3, 7 10, 6 9 8 5
	-> 3 7 ,6 10, 9 8 5
	-> 3 7 6 ,9 10, 8 5
	-> 3 7 6 9 ,8 10, 5
	-> 3 7 6 9 8 ,5 10,
	=PASS1. 3 7 6 9 8 5 10
	
	1회전- 3 7 6 9 8 5 10
	
	-> ,3 7, 6 9 8 5 10
	-> 3 ,6 7, 9 8 5 10
	-> 3 6 ,7 9, 8 5 10
	-> 3 6 7 ,8 9, 5 10
	-> 3 6 7 8 ,5 9, 10
	-> 3 6 7 8 5 ,9 10,
	=PASS2. 3 6 7 8 5 9 10
	
	
	
	//정답 (3) 3 6 7 8 5 9 10
	
	
	
-----------
08.끝