05. 다음 자료에 대하여 버블정렬을 이용하여 오름차순으로 정렬할경우,
	pass1의 실행결과는?
	
	4,7,3,1,5,8,2,6
	
	(1) 3 1 4 5 2 6 7 8
	(2) 1 3 4 2 5 6 7 8
	(3) 4 3 1 5 7 2 6 8
	(4) 1 3 2 4 5 6 7 8
	
	
	//해설
	
	0회전- 47315826
	
	-> 47 315826
	-> 4 37 15826
	-> 43 17 582
	-> 431 57 826
	-> 4315 78 26
	-> 43157 28 6
	-> 431572 68
	
	PASS1. 4 3 1 5 7 2 6 8
	
	//정답은 (3) 
	
	1회전- 43157268

	-> 34 157268
	-> 3 14 57268
	-> 31 45 7268
	-> 314 57 268
	-> 3145 27 68
	-> 31452 67 8
	-> 314526 78
	
	PASS2. 3 1 4 5 2 6 7 8
	
	
	
	
	
-------------------------------------------------------
06. 다음 자료를 버블정렬 알고리즘을 적용하여 오름차순으로 정렬할때 
	세번째 패스(pass3)까지 실행한 정렬결과로 옳은것은?
	
	5,2,3,8,1
	
	(1) 2 1 3 5 8
	(2) 1 2 3 5 8
	(3) 2 3 1 5 8
	(4) 2 3 5 1 8
	
	
	
	
	//해설
	
	0회전- 52381
	
	-> 25 381
	-> 2 35 81
	-> 23 58 1
	-> 235 18
	-> PASS1. 23518
	
	1회전 - 23518
	
	-> 23 518
	-> 2 35 18
	-> 23 15 8
	-> 231 58
	-> PASS2. 23158
	
	2회전 - 23158
	
	-> 23 158
	-> 2 13 58
	-> 21 35 8
	-> 213 58
	-> PASS3. 21358
	
	3회전 - 21358
	
	//정답 (1)21358
	
	