03.자료가 다음과 같이 주어졌을때 선택정렬을 적용하여 오름차순으로 정렬할경우,
	pass2를 진행한 후의 정렬된 값으로 옳은것은?
	
	9,4,5,11,8
	
	(1) 4 5 9 8 11
	(2) 4 5 9 11 8
	(3) 4 5 8 11 9
	(4) 4 5 8 9 11
	
	
	
	//해설
	
	9 4 5 11 8 - PASS0
	
	|4 9 5 11 8 - PASS1
	4| 5 9 11 8 - PASS2
	
	
	//정답 (2)
	계속해보자
	
	4 5| 8 11 9 - PASS3
	4 5 8| 9 11 - PASS4
	
	종료
	
	
	
------------------------------------------
04. 다음수를 선택정렬로 오름차순 정렬할 경우, pass2를 진행한후 결과로 옳은것은?

	10 3 5 9 6 8
	
	(1) 3 5 10 9 6 8
	(2) 3 5 9 6 8 10
	(3) 3 5 6 8 9 10
	(4) 3 10 5 9 6 8
	(5) 10 3 9 6 8 5
	
	
	
	//해설
	
	10 3 5 9 6 8 - PASS0
	
	|3 10 5 9 6 8 - PASS1
	3| 5 10 9 6 8 - PASS2
	
	
	//정답 (1)
	
	계속해보자
	
	3 5| 6 9 10 8 - PASS3
	3 5 6| 8 10 9 - PASS4
	3 5 6 8| 9 10 - PASS5